% saves color schema

%% color defiinitons
color_b = [28, 108, 200]/255;
color_r = [238, 46, 47]/255;
color_g = [0, 140, 72]/255;
color_m = [0.4940    0.1840    0.5560];
color_lb = [182, 226, 255]/255;
color_s = [0.6, 0.6, 0.6]; % shade
color_y = [251 183 74]/255;
%% Conversions
mmHg2SI = 133.322;
ml2SI = 1e-6;
bpm2SI = 1/60;
L_min2SI = 1/1000/60;